##BLOCKS= 1          
Plate:	Plate#1	1.3	PlateFormat	Endpoint	Fluorescence	TRUE	Raw	FALSE	1						1	585	1	12	96	530	Automatic	570			6	Automatic			1	8	None	
	Temperature(¡C)	1	2	3	4	5	6	7	8	9	10	11	12		
	23.10	10845.795	9452.461	8880.31	7716.985	10660.329	9354.374	9059.126	8560.298	24706.098	24493.9	25580.172	25812.762		
		23939.531	19521.779	17003.77	17004.404	18866.617	18884.625	15685.535	15885.665	25489.533	25251.697	19444.324	19561.645		
		25113.906	25316.246	25614.094	25795.26	24728.164	24992.258	25120.742	25188.834	26154.902	26093.793	19378.666	19137.045		
		13398.907	13451.395	24965.674	24961.422	17984.158	18153.186	19201.383	19250.584	9502.332	9362.674	24639.824	24640.297		
		18419.988	18693.809	19208.045	19281.635	25839.631	26111.877	25260.377	25157.437	24625.146	24496.615	0.764	0.83		
		0.662	0.608	0.606	0.63	0.637	0.68	0.691	0.671	0.52	0.642	0.611	0.726		
		0.771	0.583	0.588	0.661	0.633	0.564	0.79	0.639	0.854	0.716	0.578	0.531		
		0.587	0.718	0.607	0.752	0.591	0.589	0.633	0.678	0.742	0.68	0.647	0.57		
		
~End
