##BLOCKS= 1          
Plate:	Plate#1	1.3	PlateFormat	Endpoint	Fluorescence	FALSE	Raw	FALSE	1						1	585	1	12	96	530	Automatic	570			6	Automatic			1	8	None	
	Temperature(¡C)	1	2	3	4	5	6	7	8	9	10	11	12		
	21.60	8797.19	7973.541	7165.769	6413.08	9059.016	7875.027	7253.678	6442.876	21004.084	25545.785	15947.678	16351.995		
		27207.119	27296.07	27638.764	27764.303	28342.949	28596.072	27852.83	28343.25	28758.52	28895.652	28111.047	28563.654		
		27449.5	27529.414	27507.979	27669.531	27913.387	27998.811	10634.986	10680.957	20002.35	20018.502	28222.078	27985.121		
		36975.664	28920.604	29037.318	28431.893	28201.236	28590.043	26983.398	27225.119	28856.473	29078.033	28019.668	28443.602		
		29096.02	29900.211	27110.957	31128.512	29732.396	27285.629	14662.722	15281.427	33595.879	29866.447	28948.357	31535.373		
		39700.016	38482.387	36711.578	33453.461	30532.986	31198.408	20191.672	24738.154	34802.555	36130.965	37120.434	36326.27		
		35358.281	30467.127	28596.838	28237.701	27872.74	28025.559	20989	25742.465	17356.598	17358.668	28448.51	29350.676		
		32075.195	30890.018	16413.242	13839.043	33845.781	35278.32	17480.264	15967.888	15906.364	15871.529	31307.305	36090.172		
		
~End
