##BLOCKS= 1          
Plate:	Plate#1	1.3	PlateFormat	Endpoint	Fluorescence	FALSE	Raw	FALSE	1						1	585	1	12	96	530	Automatic	570			6	Automatic			1	8	None	
	Temperature(¡C)	1	2	3	4	5	6	7	8	9	10	11	12		
	22.10	8658.584	8039.658	7407.046	6276.746	9186.231	8012.286	7517.018	6761.67	34002.375	33794.805	32962.352	30341.486		
		37728.719	37022.676	34663.242	35259.434	35746.844	36102.469	35606.145	35424.062	40922.613	39031.152	36909.012	35757.043		
		38805.426	32946.516	36036.656	38623.41	36638.035	34938.711	16235.814	16025.901	35381.168	35191.781	38099.848	39386.574		
		33155.512	40635.117	33210.84	33229.918	33600.816	34474.844	33881.504	34740.223	38651.875	37524.035	34325.359	34869.957		
		39791.723	38325.742	36244.316	34613.531	35891.312	38356.824	26185.461	28523.721	35829.027	37337.523	37048.344	38930.656		
		40444.297	37010.207	34575.215	33347.664	33955.637	34592.031	33934.723	33051.836	40322.883	37004.172	35380.219	41044.816		
		31677.129	31114.703	36207.711	38369.129	37891.078	34584.363	35900.238	39700.949	30560.525	29238.443	38803.777	36187.238		
		37900.504	33845.941	20070.029	19750.232	34991.785	37212.543	28606.705	28672.035	19140.178	18891.109	36948.93	39323.16		
		
~End
