##BLOCKS= 1          
Plate:	Plate#1	1.3	PlateFormat	Endpoint	Fluorescence	TRUE	Raw	FALSE	1						1	585	1	12	96	530	Automatic	570			6	Automatic			1	8	None	
	Temperature(¡C)	1	2	3	4	5	6	7	8	9	10	11	12		
	22.70	11195.856	10380.194	9528.237	8371.717	11527.971	10097.191	9289.617	8310.404	25139.934	25289.428	25090.014	24576.48		
		26565.281	26742.271	26600.729	26466.992	27291.105	27324.123	27078.557	26823.756	27623.17	27594.699	27256.076	27066.154		
		26312.996	26950.732	26848.904	27119.881	27133.01	26990.375	14192.643	14527.71	27175.73	26955.436	26838.523	27052.219		
		25923.098	26584.834	26571.545	26735.824	26620.248	27004.559	26978.703	27176.781	27341.039	27583.877	26582.752	27002.244		
		27365.781	27384.869	26003.035	26466.953	27227.523	28188.219	18111.904	18625.662	26702.732	27021.104	27294.186	27374.055		
		26901.557	26873.564	26466.486	26138.43	26675.229	26732.564	26415.441	26155.039	26332.828	26049.156	26750.141	26790.646		
		25951.881	25822.445	26633.627	26612.186	26602.234	26041.156	26810.086	26691.023	26650.219	26628.965	26846.75	26345.773		
		27055.129	26934.242	17401.301	17084.236	27107.344	26946.143	23874.561	23642.133	16787.984	16747.365	27064.385	27086.914		
		
~End
