##BLOCKS= 1          
Plate:	Plate#1	1.3	PlateFormat	Endpoint	Fluorescence	TRUE	Raw	FALSE	1						1	585	1	12	96	530	Manual	None			6	Automatic			1	8	None	
	Temperature(¡C)	1	2	3	4	5	6	7	8	9	10	11	12		
	23.40	23315.33	23514.818	23169.307	23163.408	23105.182	23055.023	23025.871	23321.539	11851.398	12210.536	10287.838	10434.702		
		9654.739	9702.028	8067.788	8128.31	3.941	4.985	5.277	3.705	3.032	2.554	2.067	2.002		
		2.223	3.216	2.798	3.658	3.401	4.206	3.899	3.067	2.832	2.42	2.333	1.705		
		2.715	3.133	2.543	3.145	2.857	2.937	2.753	3.117	2.627	2.735	2.329	1.894		
		1.845	2.306	3.336	3.771	2.89	2.938	2.515	2.918	2.834	2.561	2.298	1.859		
		2.101	2.865	3.585	3.474	4.243	4.353	3.814	3.25	2.981	2.577	2.274	1.789		
		2.011	2.149	2.594	3.468	4.606	4.313	4.219	3.541	3.752	2.383	1.835	2.912		
		2.046	2.193	2.259	3.168	4.301	3.957	3.845	3.525	2.341	2.109	5.414	2.008		
		
~End
