##BLOCKS= 1          
Plate:	Plate#1	1.3	PlateFormat	Endpoint	Absorbance	Raw	FALSE	1						1	412	1	12	96	1	8	None	
	Temperature(¡C)	1	2	3	4	5	6	7	8	9	10	11	12		
	24.80	0.0785	0.355	0.6806	0.9421	1.2499	1.6232	0.3382	1.3909	0.0528	0.0563	0.0904	0.0513		
		0.246	0.1897	1.6686	0.6461	0.6922	0.6643	0.2445	0.2433	0.4194	0.3416	0.4633	0.3872		
		0.3422	0.3763	0.8758	0.8074	0.6057	1.4267	0.5091	0.5342	1.4895	1.2816	0.6655	1.0733		
		0.2226	1.0335	1.2625	1.293	0.9854	0.6168	0.3171	0.2442	0.7071	0.5766	1.3671	0.9175		
		0.5395	1.1716	0.6415	1.1171	0.7741	0.6401	0.404	1.0724	0.4032	0.9416	0.7515	1.6611		
		0.8168	1.1736	1.3297	1.1051	1.5369	1.2622	0.0526	0.0534	0.0532	0.053	0.0516	0.051		
		0.0501	0.0513	0.0519	0.0525	0.0528	0.0517	0.0678	0.0525	0.0527	0.0546	0.0515	0.0506		
		0.0493	0.0493	0.0498	0.0514	0.0501	0.0505	0.0505	0.0507	0.0508	0.0504	0.0505	0.0506		
		
~End
