##BLOCKS= 1          
Plate:	Plate#1	1.3	PlateFormat	Endpoint	Absorbance	Raw	FALSE	1						1	412	1	12	96	1	8	None	
	Temperature(¡C)	1	2	3	4	5	6	7	8	9	10	11	12		
	24.80	0.0784	0.3519	0.6681	0.9321	1.2221	1.5838	0.3354	1.3789	0.0526	0.055	0.0807	0.051		
		0.2477	0.1954	1.7698	0.6811	0.7162	0.7256	0.2543	0.2533	0.3871	0.3305	0.4857	0.4068		
		0.353	0.3837	0.7326	0.3449	0.6275	1.4389	0.3042	0.5393	1.5543	1.3949	0.5896	0.9166		
		0.2305	1.0343	1.2587	1.3159	0.7659	0.4753	0.2617	0.2508	0.6121	0.5004	1.3632	0.6747		
		0.5384	0.9902	0.6566	0.9661	0.632	0.8836	0.4058	0.5314	0.4182	1.004	0.5802	1.5593		
		0.7777	0.8561	1.4006	1.1116	1.4975	1.391	0.0526	0.0534	0.0532	0.0532	0.0517	0.051		
		0.0502	0.0513	0.0519	0.0525	0.0528	0.0518	0.0685	0.0526	0.0528	0.0546	0.0515	0.0506		
		0.0493	0.0492	0.0498	0.0514	0.0501	0.0505	0.0505	0.0507	0.0508	0.0504	0.0505	0.0505		
		
~End
