##BLOCKS= 1          
Plate:	Plate#1	1.3	PlateFormat	Endpoint	Absorbance	Raw	FALSE	1						1	562	1	12	96	1	8	None	
	Temperature(¡C)	1	2	3	4	5	6	7	8	9	10	11	12		
	25.60	2.3644	2.3483	1.8324	1.9248	1.2585	1.2822	1.0821	1.0884	0.8053	0.841	0.4569	0.5162		
		0.3208	0.321	0.1465	0.1534	0.1236	0.1194	0.7686	0.7689	1.1255	1.1832	1.7222	1.8153		
		1.4496	1.4447	1.0633	1.0699	1.3028	1.3015	0.9682	1.0529	2.5253	2.4262	0.9428	0.9794		
		0.6832	0.7477	1.0574	1.0963	1.4414	1.3257	1.1492	1.1489	0.4405	0.4422	1.4838	1.556		
		1.5081	1.4708	0.851	0.8769	1.2681	1.3981	0.6994	0.6746	0.4353	0.4542	0.2628	0.2611		
		1.4102	1.5593	1.4905	1.3781	0.8333	0.8411	0.8032	0.8307	1.5784	1.5389	0.309	0.3		
		1.0263	0.9548	1.0045	1.0515	0.806	0.8174	0.775	0.805	2.0223	2.2062	1.5943	1.6627		
		1.5778	1.5869	1.3951	1.4744	1.2038	1.0347	2.1354	2.1642	1.3873	1.4971	0.9234	1.0368		
		
~End
