##BLOCKS= 1          
Plate:	Plate#1	1.3	PlateFormat	Endpoint	Absorbance	Raw	FALSE	1						1	562	1	12	96	1	8	None	
	Temperature(¡C)	1	2	3	4	5	6	7	8	9	10	11	12		
	26.00	2.3525	2.4411	1.8759	2.0083	1.3903	1.3746	1.1048	1.1515	0.8284	0.8328	0.4606	0.5091		
		0.3249	0.316	0.1417	0.1577	0.1246	0.115	1.1293	1.1703	0.9679	0.9765	1.0802	1.0984		
		0.3335	0.3317	0.6905	0.632	1.9821	1.7148	0.6943	0.62	1.6553	1.7208	0.9301	0.8963		
		1.5482	1.4407	0.6034	0.6498	0.7759	0.7536	0.9541	1.1311	0.3399	0.3507	1.8678	1.624		
		1.472	1.5052	0.6168	0.6149	1.3113	1.057	1.2267	1.1739	1.9781	1.5259	1.6591	1.5674		
		1.6156	1.6789	0.7606	0.7501	1.6129	1.2962	1.5784	1.7374	1.0657	1.1682	1.2609	1.3879		
		0.8264	0.8662	0.3462	0.3654	1.514	1.2869	0.0532	0.0471	0.0469	0.0469	0.0464	0.0464		
		0.0544	0.0466	0.0466	0.0465	0.0468	0.0465	0.0465	0.0465	0.0464	0.0463	0.0479	0.0464		
		
~End
