##BLOCKS= 1          
Plate:	Plate#1	1.3	PlateFormat	Endpoint	Absorbance	Raw	FALSE	1						1	532	1	12	96	1	8	None	
	Temperature(¡C)	1	2	3	4	5	6	7	8	9	10	11	12		
	23.50	0.0406	0.0403	0.6356	0.659	1.2368	1.2628	1.8446	1.8551	2.4274	2.4156	3.0782	3.0431		
		1.8786	1.8702	1.7257	1.574	0.5689	0.5218	0.2733	0.2757	1.0267	0.9147	0.746	0.6348		
		1.5925	1.6313	1.3309	1.3534	1.3136	1.3949	1.2303	0.7106	0.1888	0.1712	1.0442	1.0421		
		0.5024	0.5082	0.5575	0.5539	1.2978	1.2005	1.9822	2.0014	1.8931	1.9029	0.4544	0.429		
		1.8174	1.7697	1.2641	1.2387	0.1952	0.184	1.8951	1.8229	1.0961	1.0647	2.039	2.0024		
		2.0229	2.0812	1.5406	1.5794	1.5991	1.5165	0.8492	0.8537	0.0469	0.0469	0.046	0.046		
		0.0462	0.0463	0.0468	0.0472	0.0475	0.0471	0.0468	0.0471	0.0476	0.0468	0.0461	0.0462		
		0.0461	0.0465	0.0542	0.0467	0.0469	0.0466	0.0464	0.0522	0.0467	0.0466	0.0463	0.0461		
		
~End
