##BLOCKS= 1          
Plate:	Plate#1	1.3	PlateFormat	Endpoint	Absorbance	Raw	FALSE	1						1	532	1	12	96	1	8	None	
	Temperature(¡C)	1	2	3	4	5	6	7	8	9	10	11	12		
	23.10	0.0407	0.0409	0.6379	0.6513	1.2303	1.2459	1.8526	1.8629	2.4428	2.4282	3.0711	2.9924		
		1.5697	1.4887	1.0971	1.2234	0.9419	0.6303	0.6157	0.6251	0.9158	0.8549	0.7199	0.809		
		1.2636	1.2638	0.8342	0.8515	1.2523	1.288	0.9909	1.0466	1.3313	1.2441	0.4594	0.4541		
		1.0623	0.8717	1.3493	1.0453	0.6305	0.743	1.2386	1.0884	0.4953	0.5147	0.6066	0.602		
		1.5834	1.8005	1.4334	1.4142	1.4142	1.3682	0.8181	0.6432	0.5571	0.5682	1.2543	1.4914		
		1.0933	1.1472	0.8931	1.1822	1.8244	1.7545	1.1812	1.0425	1.06	0.9679	0.8072	0.6595		
		0.8156	0.6578	1.991	1.854	2.142	1.9095	1.5095	1.3949	1.8277	1.7466	2.1164	2.1599		
		1.4653	1.4515	1.7631	1.6822	1.5546	1.5362	1.5293	1.5251	1.2115	1.154	0.9564	0.9228		
		
~End
