##BLOCKS= 1          
Plate:	Plate#1	1.3	PlateFormat	Endpoint	Absorbance	Raw	FALSE	1						1	490	1	12	96	1	8	None	
	Temperature(¡C)	1	2	3	4	5	6	7	8	9	10	11	12		
	24.00	0.0405	0.0405	0.0406	0.0405	0.0402	0.04	0.0404	0.0409	0.0406	0.0409	0.0402	0.0404		
		0.0403	0.0407	0.0416	0.0415	0.0414	0.0409	0.041	0.042	0.0728	0.0955	0.0624	0.0596		
		0.0948	0.095	0.0761	0.0707	0.1564	0.1613	0.0866	0.0813	0.0512	0.0524	0.1367	0.1343		
		0.0616	0.0624	0.0869	0.0846	0.0577	0.0561	0.2845	0.3089	0.0834	0.0787	0.0499	0.0499		
		0.0645	0.0654	0.0634	0.065	0.0819	0.0786	0.0976	0.111	0.067	0.0672	0.0974	0.1016		
		0.0488	0.0496	0.0641	0.0646	0.0514	0.0523	0.0965	0.0891	0.0751	0.0749	0.1327	0.1463		
		0.0725	0.0761	0.1161	0.1253	0.087	0.0912	0.0746	0.0744	0.0626	0.0638	0.0629	0.0599		
		0.0508	0.0479	0.0569	0.0654	0.077	0.075	0.122	0.1153	0.0558	0.0561	0.0652	0.0598		
		
~End
