##BLOCKS= 1          
Plate:	Plate#1	1.3	PlateFormat	Endpoint	Absorbance	Raw	FALSE	1						1	490	1	12	96	1	8	None	
	Temperature(¡C)	1	2	3	4	5	6	7	8	9	10	11	12		
	24.10	0.0405	0.0411	0.0408	0.0406	0.0402	0.0401	0.0403	0.0406	0.0409	0.0409	0.0403	0.0404		
		0.0405	0.0407	0.0416	0.0415	0.0414	0.041	0.0412	0.0416	0.0472	0.0471	0.0565	0.056		
		0.0632	0.0605	0.064	0.065	0.0701	0.0695	0.0588	0.0586	0.0608	0.0609	0.0543	0.052		
		0.0794	0.0781	0.0658	0.0659	0.0548	0.0524	0.0564	0.0583	0.0579	0.0589	0.0645	0.0623		
		0.0842	0.0827	0.073	0.0756	0.0707	0.0684	0.0521	0.0517	0.0778	0.08	0.0836	0.0801		
		0.0599	0.0621	0.0628	0.0623	0.0846	0.0768	0.0577	0.0578	0.0517	0.0517	0.0482	0.0474		
		0.059	0.0584	0.0681	0.0676	0.0598	0.0595	0.0808	0.0836	0.0603	0.0606	0.1334	0.1212		
		0.0469	0.0469	0.0476	0.0479	0.048	0.0474	0.0473	0.0472	0.0473	0.0472	0.0471	0.0469		
		
~End
