##BLOCKS= 1          
Plate:	Plate#1	1.3	PlateFormat	Endpoint	Absorbance	Raw	FALSE	1						1	490	1	12	96	1	8	None	
	Temperature(¡C)	1	2	3	4	5	6	7	8	9	10	11	12		
	25.10	0.0431	0.0429	0.0414	0.041	0.0409	0.04	0.0389	0.0395	0.0417	0.0404	0.039	0.0395		
		0.0402	0.0405	0.0408	0.0411	0.0407	0.0404	0.0407	0.0406	0.0454	0.0443	0.0576	0.0567		
		0.0647	0.062	0.0644	0.0651	0.0782	0.0748	0.0603	0.0606	0.0593	0.0618	0.0529	0.0502		
		0.0832	0.0805	0.0708	0.0707	0.055	0.0529	0.0583	0.0587	0.0601	0.0598	0.0666	0.0634		
		0.0888	0.0882	0.0785	0.0802	0.0716	0.0705	0.0533	0.0533	0.0808	0.0829	0.0839	0.081		
		0.0644	0.0656	0.0641	0.0624	0.0962	0.0933	0.0608	0.0603	0.0527	0.0518	0.0504	0.0492		
		0.0617	0.0621	0.0737	0.0749	0.0624	0.0622	0.0879	0.0919	0.0635	0.0637	0.1488	0.1336		
		0.0469	0.0469	0.0476	0.0478	0.0481	0.0474	0.0472	0.0472	0.0472	0.0473	0.0471	0.0468		
		
~End
