##BLOCKS= 1          
Plate:	Plate#1	1.3	PlateFormat	Endpoint	Absorbance	Raw	FALSE	1						1	490	1	12	96	1	8	None	
	Temperature(¡C)	1	2	3	4	5	6	7	8	9	10	11	12		
	24.60	1.5817	1.6546	0.8606	0.8646	0.4717	0.4582	0.2597	0.2546	0.1574	0.1582	0.107	0.1086		
		0.0895	0.0913	0.0775	0.0786	0.0709	0.0702	0.0644	0.0667	0.1391	0.1475	0.1171	0.1102		
		0.1978	0.1951	0.1318	0.1232	0.2565	0.2726	0.1774	0.173	0.0947	0.0924	0.2522	0.2462		
		0.0991	0.099	0.1947	0.2015	0.1249	0.1239	0.3506	0.3886	0.22	0.2071	0.0973	0.0968		
		0.1285	0.1253	0.1784	0.1884	0.1631	0.1645	0.2123	0.2391	0.2271	0.2304	0.1652	0.1969		
		0.095	0.0961	0.1656	0.1674	0.0918	0.0918	0.2192	0.2152	0.1827	0.1858	0.3164	0.3125		
		0.1637	0.16	0.2213	0.2264	0.191	0.187	0.1701	0.1741	0.148	0.1444	0.1326	0.1285		
		0.0892	0.0838	0.1341	0.1663	0.1436	0.1435	0.2478	0.2109	0.1397	0.1405	0.1054	0.0961		
		
~End
