##BLOCKS= 1          
Plate:	Plate#1	1.3	PlateFormat	Endpoint	Absorbance	Raw	FALSE	1						1	562	1	12	96	1	8	None	
	Temperature(¡C)	1	2	3	4	5	6	7	8	9	10	11	12		
	24.90	2.0879	2.1196	2.0255	2.0225	1.7139	0.6653	0.6916	0.6709	0.6942	0.3324	0.339	0.2408		
		0.2515	0.1792	0.1567	0.1305	0.1319	1.2192	0.5579	0.3791	0.7393	1.2796	2.3321	2.4962		
		2.1108	2.1842	2.0406	1.8472	0.8916	1.6025	1.4828	2.6388	2.2666	0.5794	0.6651	1.123		
		1.1478	2.1497	2.013	0.8687	0.7504	1.4857	1.409	1.127	1.1372	1.3034	2.286	2.284		
		2.0333	1.952	1.4348	1.2101	1.6633	0.9411	0.8592	2.0658	1.8809	1.6235	1.5714	2.5356		
		2.1816	1.1231	0.8714	0.9615	0.9718	0.892	1.2973	1.1622	0.2151	0.2418	0.3285	0.2626		
		0.2922	0.2906	0.2563	0.2719	0.2504	0.2557	0.2588	0.278	0.2898	0.2792	0.2796	0.2606		
		0.3037	0.2893	0.2854	0.2809	0.2839	0.3057	0.2794	0.3044	0.2891	0.292	0.2882	0.2717		
		
~End
