##BLOCKS= 1          
Plate:	Plate#1	1.3	PlateFormat	Endpoint	Absorbance	Raw	FALSE	1						1	562	1	12	96	1	8	None	
	Temperature(¡C)	1	2	3	4	5	6	7	8	9	10	11	12		
	23.20	1.8319	1.7359	1.7126	1.3408	1.1298	1.035	0.8796	0.836	0.5419	0.3864	0.3455	0.3003		
		0.2942	0.283	0.1708	0.1749	0.1392	0.1352	0.6986	0.7212	2.3604	2.3829	1.0522	1.04		
		4	4	2.821	2.4027	2.355	1.1612	1.1805	1.8581	1.8913	1.8743	1.8238	2.5614		
		2.4043	2.6296	2.4907	2.1744	2.1128	2.0092	1.5279	1.5463	1.6389	1.6487	1.7864	1.702		
		2.3785	1.8108	1.9875	1.9266	1.8767	1.8025	1.8929	1.8339	1.1883	1.1689	1.5166	1.5745		
		2.9943	2.9546	1.5897	1.61	0.9815	1.1465	1.1623	1.978	1.9885	2.475	2.1104	2.3217		
		1.9649	3.3267	3.213	1.2095	1.3741	2.5681	2.4559	2.2109	1.4095	1.0701	1.2452	0.6769		
		0.6545	0.3475	0.406	0.2432	0.2643	0.2678	0.2437	0.2504	0.2512	0.2321	0.2358	0.2268		
		
~End
