##BLOCKS= 1          
Plate:	Plate#1	1.3	PlateFormat	Endpoint	Absorbance	Raw	FALSE	1						1	562	1	12	96	1	8	None	
	Temperature(¡C)	1	2	3	4	5	6	7	8	9	10	11	12		
	37.00	2.3059	2.2851	2.0187	1.986	1.3293	1.3387	1.1277	1.1394	0.7688	0.7804	0.4502	0.4418		
		0.2805	0.2812	0.1296	0.1301	0.0818	0.0819	2.9935	2.6294	4	4	3.1132	2.5065		
		4	3.6412	4	3.796	3.5157	3.5228	1.4504	1.459	3.6266	3.7202	3.2297	2.2278		
		4	2.7917	3.4887	3.5271	2.6621	1.9401	4	3.5678	4	4	2.9336	2.1504		
		4	2.1925	3.7615	2.565	3.3617	4	3.0837	3.0493	2.3184	3.4852	3.7423	3.7803		
		4	3.419	4	3.7803	2.0376	1.7828	4	4	4	4	3.1675	3.264		
		4	3.243	4	4	2.335	2.4385	3.1261	2.9495	0.0466	0.0466	0.0462	0.0461		
		0.0462	0.0462	0.0522	0.0544	0.0464	0.0462	0.046	0.046	0.046	0.0465	0.0461	0.046		
		
~End
