##BLOCKS= 1          
Plate:	Plate#1	1.3	PlateFormat	Endpoint	Absorbance	Raw	FALSE	1						1	562	1	12	96	1	8	None	
	Temperature(¡C)	1	2	3	4	5	6	7	8	9	10	11	12		
	37.00	2.3816	2.4088	2.3767	2.0907	1.3439	1.4119	1.0974	1.0569	0.7907	0.8037	0.4415	0.4541		
		0.2882	0.2819	0.1276	0.128	0.0795	0.079	4	4	4	4	4	4		
		4	4	4	1.6731	4	4	4	4	2.3896	2.1821	2.7648	2.6979		
		1.426	1.5298	2.336	3.8642	4	3.6301	3.5633	3.6027	3.5482	3.3879	4	4		
		3.0475	2.782	2.6193	2.0181	4	4	2.3597	2.2456	3.5756	3.4915	4	4		
		4	4	4	4	1.8991	1.9706	4	4	3.1898	3.1064	2.5545	2.2122		
		3.3695	3.3553	3.7719	3.0874	4	4	0.951	2.089	4	3.1192	4	3.588		
		3.5083	4	4	4	4	4	4	4	1.7514	1.2245	3.6052	3.3141		
		
~End
