##BLOCKS= 1          
Plate:	Plate#1	1.3	PlateFormat	Endpoint	Absorbance	Raw	FALSE	1						1	540	1	12	96	1	8	None	
	Temperature(¡C)	1	2	3	4	5	6	7	8	9	10	11	12		
	23.80	Error	Error	1.8124	1.9426	1.3024	1.3714	1.0845	1.0721	0.723	0.8561	0.4597	0.4714		
		0.2707	0.2709	0.1105	0.1108	0.0836	0.0701	1.4437	1.4758	1.4692	1.2748	0.7312	0.7962		
		1.8272	1.8216	0.7704	0.7854	1.3269	1.334	0.2885	0.2819	Error	Error	1.3929	1.5346		
		1.213	1.167	1.0168	0.9845	1.4014	1.403	0.8349	0.834	0.4578	0.4544	Error	1.506		
		1.1594	1.087	Error	2.1099	0.6371	0.6351	Error	Error	0.8016	0.7739	1.0813	1.1051		
		1.6194	1.5957	0.3709	0.3984	1.3177	1.2955	1.3043	1.2906	1.1794	1.2765	0.5924	0.5932		
		0.8753	0.9133	Error	1.4321	Error	Error	0.7584	0.5604	1.2113	1.291	1.1875	1.1788		
		1.651	1.5858	1.1145	1.1128	1.5224	1.2083	2.1871	1.9981	0.9989	1.0167	1.9118	1.8984		
		
~End
