##BLOCKS= 1          
Plate:	Plate#1	1.3	PlateFormat	Endpoint	Absorbance	Raw	FALSE	1						1	590	1	12	96	1	8	None	
	Temperature(¡C)	1	2	3	4	5	6	7	8	9	10	11	12		
	23.80	1.6361	1.6579	1.2898	1.3752	0.9441	0.9913	0.7956	0.7868	0.5495	0.64	0.3688	0.378		
		0.2352	0.2346	0.1249	0.1251	0.1001	0.0978	1.0364	1.0622	1.0531	0.9238	0.552	0.5953		
		1.2878	1.2841	0.5676	0.5771	0.9484	0.9544	0.2363	0.2302	1.9247	1.6796	1.0038	1.1003		
		0.8725	0.844	0.7368	0.7165	1.0005	1.0011	0.6113	0.6112	0.352	0.3496	1.9199	1.0818		
		0.8428	0.7966	1.5829	1.4851	0.478	0.4776	1.8887	1.9524	0.5905	0.5745	0.7789	0.7952		
		1.1555	1.1407	0.3076	0.3253	0.9426	0.9281	0.934	0.926	0.8472	0.916	0.4464	0.4466		
		0.643	0.6692	1.648	1.0327	2.0278	1.806	0.5718	0.4357	0.8736	0.929	0.8526	0.8441		
		1.1706	1.1256	0.8023	0.8002	1.0915	0.8786	1.5349	1.4066	0.7321	0.7442	1.3467	1.3386		
		
~End
