##BLOCKS= 1          
Plate:	Plate#1	1.3	PlateFormat	Endpoint	Absorbance	Raw	FALSE	1						1	562	1	12	96	1	8	None	
	Temperature(¡C)	1	2	3	4	5	6	7	8	9	10	11	12		
	23.40	Error	Error	1.9186	2.0561	1.3792	1.4529	1.1459	1.137	0.7685	0.9106	0.4919	0.5066		
		0.291	0.2895	0.1208	0.1206	0.0803	0.0791	1.5206	1.5581	1.5553	1.3492	0.7763	0.846		
		1.94	1.9252	0.8035	0.8214	1.385	1.3893	0.2959	0.2933	Error	Error	1.4765	1.6358		
		1.2852	1.2323	1.0633	1.0337	1.4622	1.4648	0.8697	0.8688	0.477	0.4745	Error	1.6052		
		1.2323	1.1506	Error	Error	0.6663	0.6647	Error	Error	0.8398	0.8131	1.1381	1.1674		
		1.7207	1.6881	0.3951	0.4233	1.3801	1.3579	1.3664	1.3555	1.2332	1.3384	0.6211	0.6299		
		0.9254	0.9621	Error	1.513	Error	Error	0.7963	0.5939	1.274	1.359	1.2787	1.2562		
		1.7631	1.7016	1.1733	1.2283	1.6153	1.2802	Error	2.1249	1.0605	1.0798	2.0376	2.0308		
		
~End
