##BLOCKS= 1          
Plate:	Plate#1	1.3	PlateFormat	Endpoint	Absorbance	Raw	FALSE	1						1	590	1	12	96	1	8	None	
	Temperature(¡C)	1	2	3	4	5	6	7	8	9	10	11	12		
	24.00	1.4951	1.4923	1.1586	1.1795	0.8248	0.8039	0.674	0.6677	0.497	0.4942	0.3177	0.3116		
		0.2124	0.2128	0.1199	0.1178	0.0992	0.095	0.3905	0.3913	0.96	0.9121	1.2135	1.185		
		1.3505	1.155	0.861	0.777	1.6028	1.5262	1.1994	1.1473	0.6009	0.5679	1.0234	1.0273		
		1.9014	1.5932	0.9702	0.8652	0.6645	0.4995	1.5213	1.2807	1.8477	1.6968	1.0246	1.016		
		0.6403	0.5594	Error	Error	1.1585	1.0374	1.3202	1.112	1.0656	0.9725	1.4934	1.3772		
		0.6422	0.6242	0.6198	0.5872	Error	Error	0.9405	0.9464	0.6888	0.6385	1.2964	1.2164		
		1.5456	1.4165	1.2724	1.192	0.4349	0.4138	0.2279	0.2381	0.7936	0.7325	1.4043	1.3201		
		1.1758	1.0815	1.0156	1.0219	1.2853	1.2585	1.2789	1.2448	1.3943	1.3825	0.0456	0.0458		
		
~End
