##BLOCKS= 1          
Plate:	Plate#1	1.3	PlateFormat	Kinetic	Absorbance	Raw	FALSE	5	1200	300				1	570	1	12	96	1	8	None	
Time(hh:mm:ss)	Temperature(¡C)	1	2	3	4	5	6	7	8	9	10	11	12		
0:00	37.00	0.0981	0.0916	1.1733	1.3067	0.5349	0.5283	0.8339	0.8116	1.3158	1.0633	1.3441	1.2478		
		0.137	0.3759	1.1533	0.1807	0.2045	0.1765	0.1407	0.1612	0.1426	0.1439	0.1736	0.1695		
		0.1704	0.2067	0.1037	0.1737	1.1987	0.1013	0.202	0.2336	0.1055	0.1613	0.1564	0.0947		
		0.1817	0.2178	0.1139	0.1639	0.1967	0.1255	0.1676	0.1872	0.0954	0.1654	0.1678	0.0922		
		0.1964	0.2534	0.1191	0.1683	0.1966	0.1083	0.1711	0.179	0.1002	0.3693	0.1973	0.1356		
		0.1594	0.1815	0.0979	0.1704	0.193	0.1041	0.16	0.1661	0.0933	0.1803	0.2091	0.1267		
		0.1596	0.1681	0.0993	0.1639	0.2043	0.1037	0.1852	0.2016	0.1037	0.1659	0.1798	0.0923		
		0.1793	0.1874	0.0939	0.1571	0.1985	0.0964	0.175	0.2026	0.1408	0.1753	0.3082	0.2291		
		
5:00	37.00	0.1071	0.0881	0.9764	0.9475	0.5486	0.5473	0.85	0.8257	1.3179	1.0702	1.3538	1.2596		
		0.137	0.3848	1.0068	0.2225	0.2612	0.2081	0.1523	0.1807	0.1517	0.1538	0.1873	0.1752		
		0.217	0.2893	0.1086	0.2426	1.2448	0.1069	0.2908	0.3675	0.1128	0.1822	0.1795	0.0981		
		0.2576	0.3393	0.1227	0.2053	0.2468	0.1432	0.1822	0.2202	0.0974	0.1826	0.1936	0.0957		
		0.2741	0.4131	0.1212	0.1965	0.2352	0.1152	0.1919	0.2194	0.1073	0.3164	0.2373	0.1487		
		0.1772	0.2145	0.1004	0.2322	0.271	0.1098	0.1655	0.1768	0.0953	0.2274	0.3073	0.1462		
		0.167	0.1806	0.1035	0.1938	0.2705	0.1119	0.2634	0.3644	0.1111	0.1723	0.1912	0.1003		
		0.2363	0.2597	0.0975	0.1974	0.2695	0.101	0.2321	0.2886	0.1635	0.2226	0.4063	0.297		
		
10:00	37.00	0.1052	0.0876	0.782	0.7548	0.5687	0.5602	0.8704	0.8473	1.3275	1.0812	1.3629	1.2863		
		0.1397	0.3732	1.0068	0.2958	0.3671	0.2727	0.1722	0.2113	0.1682	0.1715	0.2149	0.1858		
		0.3032	0.4904	0.1161	0.4288	1.4428	0.11	0.5138	0.7137	0.1242	0.23	0.2259	0.1005		
		0.4623	0.6519	0.1299	0.3132	0.3548	0.177	0.2169	0.2845	0.1004	0.2259	0.2522	0.1001		
		0.4668	0.772	0.1312	0.2556	0.3004	0.1213	0.2377	0.2993	0.1145	0.3659	0.3153	0.2316		
		0.2206	0.2945	0.1032	0.3989	0.4482	0.1156	0.1779	0.1997	0.0982	0.3169	0.4923	0.1663		
		0.1814	0.202	0.1074	0.2623	0.4048	0.1231	0.4827	0.8578	0.1165	0.1833	0.2018	0.1107		
		0.382	0.4402	0.1012	0.3018	0.4305	0.1064	0.3843	0.4966	0.1848	0.331	0.5319	0.4012		
		
15:00	37.00	0.1059	0.0902	0.574	0.5652	0.5849	0.5758	0.8882	0.8646	1.3321	1.0915	1.3707	1.3053		
		0.1416	0.3383	1.0104	0.3987	0.5277	0.3721	0.2001	0.2516	0.1904	0.1936	0.2542	0.2027		
		0.4738	0.9139	0.1263	0.7568	1.819	0.1161	0.9152	1.3854	0.1359	0.3055	0.3047	0.1027		
		0.8265	1.2874	0.1374	0.4986	0.5536	0.1842	0.2748	0.3914	0.1039	0.3022	0.3544	0.1057		
		0.8182	1.5104	0.1457	0.3382	0.3962	0.13	0.3098	0.4098	0.1208	0.449	0.4438	0.2769		
		0.2882	0.4375	0.1056	0.7083	0.7737	0.122	0.1967	0.2363	0.1012	0.4658	0.7842	0.1877		
		0.1996	0.2306	0.1109	0.3766	0.6222	0.1369	0.8734	1.7049	0.1217	0.1895	0.2056	0.1096		
		0.6219	0.7702	0.1046	0.4774	0.7232	0.112	0.6458	0.9246	0.2022	0.5151	0.7166	0.4505		
		
20:00	37.00	0.1109	0.0927	0.5079	0.5033	0.5965	0.5914	0.9002	0.8753	1.334	1.0918	1.3794	1.3169		
		0.1429	0.3007	0.849	0.5166	0.7147	0.4772	0.2306	0.2988	0.216	0.2191	0.2988	0.2217		
		0.7014	1.544	0.137	1.1827	2.2499	0.1226	1.4176	2.1735	0.1494	0.4027	0.4077	0.1062		
		1.2738	2.0916	0.145	0.7414	0.8307	0.1871	0.3487	0.5369	0.1077	0.4052	0.498	0.1097		
		1.2673	2.3763	0.1629	0.4678	0.5186	0.141	0.4009	0.5497	0.127	0.5519	0.6164	0.4102		
		0.3689	0.6301	0.1078	1.1392	1.2378	0.1286	0.2196	0.2849	0.1037	0.6764	1.2235	0.2006		
		0.2179	0.2633	0.1141	0.5277	0.9267	0.1494	1.3779	2.4826	0.1259	0.199	0.2136	0.1024		
		0.9121	1.1935	0.1077	0.7083	1.1224	0.1176	1.0129	1.5168	0.2059	0.717	1.0883	0.484		
		
~End
