##BLOCKS= 1          
Plate:	Plate#1	1.3	PlateFormat	Endpoint	Absorbance	Raw	FALSE	1						1	570	1	12	96	1	8	None	
	Temperature(¡C)	1	2	3	4	5	6	7	8	9	10	11	12		
	37.00	0.1402	0.1444	1.5644	1.3199	0.9959	0.9212	1.4649	1.4641	0.272	0.2632	0.2764	0.3953		
		0.4439	0.8941	1.7208	2.6206	1.0789	0.3527	0.4949	0.405	0.6252	0.5021	0.7165	0.889		
		1.1606	0.5549	0.6496	0.9741	1.3858	1.2588	1.6284	0.9656	1.7183	1.5311	2.2344	0.4377		
		0.4627	0.6709	0.9621	1.9634	1.4628	0.8671	1.1462	0.8075	1.3239	2.4171	2.6101	1.2257		
		1.407	1.1426	1.2313	2.2895	1.0484	1.4711	1.904	0.6345	0.986	0.4876	0.5538	1.0924		
		1.0357	2.5906	2.6377	2.3441	1.3353	1.0818	1.7365	2.6146	2.7068	1.8481	2.0453	2.05		
		2.452	1.5817	2.0093	2.1922	1.3961	1.498	1.8319	2.1805	2.7182	2.595	2.6813	1.0008		
		1.7114	0.3656	0.3873	1.0921	1.3728	1.6832	1.9941	0.8577	0.9934	1.0856	1.6534	0.3365		
		
~End
