##BLOCKS= 1          
Plate:	Plate#1	1.3	PlateFormat	Endpoint	Absorbance	Raw	FALSE	1						1	570	1	12	96	1	8	None	
	Temperature(¡C)	1	2	3	4	5	6	7	8	9	10	11	12		
	37.00	0.1165	0.0939	0.5078	0.5077	0.6029	0.5981	0.9069	0.8793	1.333	1.0953	1.377	1.3224		
		0.1437	0.1716	0.2367	0.5711	0.7995	0.5291	0.2433	0.3205	0.2277	0.2309	0.3183	0.2437		
		0.8098	1.8482	0.1432	1.3977	2.1051	0.1255	1.6679	2.4608	0.1569	0.4501	0.4517	0.1082		
		1.4889	2.3993	0.1487	0.8771	0.9805	0.1974	0.3872	0.6185	0.1094	0.4592	0.5794	0.1111		
		1.4709	2.6051	0.1737	0.5421	0.5857	0.149	0.4479	0.6226	0.1297	0.6558	0.7067	0.4658		
		0.4072	0.7269	0.109	1.3822	1.4904	0.1318	0.2314	0.3103	0.1049	0.7825	1.4656	0.2018		
		0.2248	0.279	0.1168	0.6179	1.0976	0.1552	1.6424	2.6316	0.1277	0.2064	0.2213	0.1012		
		1.0567	1.3966	0.1101	0.8375	1.3334	0.1207	1.2012	1.7546	0.2086	0.7783	1.3089	0.5631		
		
~End
