##BLOCKS= 1          
Plate:	Plate#1	1.3	PlateFormat	Kinetic	Absorbance	Raw	FALSE	5	1200	300				1	570	1	12	96	1	8	None	
Time(hh:mm:ss)	Temperature(¡C)	1	2	3	4	5	6	7	8	9	10	11	12		
0:00	37.00	0.1289	0.13	1.4667	1.2012	0.894	0.8168	1.337	1.3999	0.2681	0.2595	0.2684	0.3074		
		0.3028	0.3081	0.3141	0.354	0.2088	0.1773	0.5996	0.3122	0.3275	0.3234	1.2732	0.3636		
		0.3784	0.3098	0.3176	0.3058	0.1735	0.1668	0.3434	0.3209	0.352	0.3848	0.3996	0.3427		
		0.33	0.3167	0.2826	0.5464	0.3624	0.2237	0.3372	0.3161	0.3686	0.4324	0.4723	0.3948		
		0.3667	0.3644	0.3211	0.356	0.2051	0.1922	0.3955	0.316	0.3609	0.3574	0.3534	0.3889		
		0.3469	0.4018	0.4023	0.3925	0.2465	0.1851	0.4221	0.585	0.676	0.3867	0.4174	0.4267		
		1.112	0.3302	0.3069	0.5332	0.2008	0.2028	0.4225	0.4174	1.2919	0.5542	0.4794	0.3599		
		0.6981	0.3246	0.2813	0.3906	0.196	0.2021	0.3926	0.382	0.3153	0.3543	0.4033	1.4632		
		
5:00	37.00	0.1289	0.1314	1.5154	1.2657	0.936	0.8615	1.4054	1.4093	0.2629	0.255	0.2622	0.3127		
		0.3181	0.3415	0.3881	0.5161	0.7911	0.1913	0.5716	0.3124	0.3544	0.3618	1.3995	0.4064		
		0.4541	0.3319	0.3405	0.3382	0.2934	0.2514	0.423	0.3648	0.4343	0.4511	0.516	0.357		
		0.3481	0.3394	0.3293	0.6876	0.5693	0.3356	0.384	0.3422	0.4284	0.5733	0.653	0.4499		
		0.4296	0.4148	0.3663	0.4678	0.4946	0.349	0.4956	0.3341	0.3999	0.3667	0.367	0.4364		
		0.3967	0.5723	0.6178	0.7243	0.553	0.2573	0.522	0.7852	1.0198	0.4681	0.5259	0.5549		
		0.6315	0.4048	0.4003	0.6394	0.4228	0.3226	0.5971	0.5165	1.652	0.749	0.7639	0.3961		
		0.6378	0.3322	0.2887	0.4388	0.3321	0.354	0.507	0.4101	0.3665	0.4139	0.4854	1.2688		
		
10:00	37.00	0.1318	0.1347	1.5228	1.2779	0.9532	0.8786	1.4274	1.4261	0.2646	0.2562	0.2633	0.3297		
		0.341	0.4271	0.5822	0.9583	1.5134	0.2244	0.5244	0.3258	0.4029	0.4042	1.4201	0.4832		
		0.5864	0.3671	0.3901	0.4282	0.5585	0.4376	0.5825	0.4712	0.6391	0.5999	0.7536	0.3652		
		0.3786	0.3994	0.4184	0.8758	1.0305	0.5124	0.4844	0.4165	0.5681	0.8975	1.0381	0.5627		
		0.5569	0.5262	0.4806	0.8024	1.3789	0.7682	0.6829	0.3783	0.4804	0.3905	0.398	0.5362		
		0.4924	0.9663	1.1032	0.957	1.3846	0.4166	0.6946	1.207	1.6977	0.6638	0.7732	0.8625		
		1.0311	0.5847	0.6257	0.9851	0.8072	0.5924	0.7533	0.7555	1.9542	1.161	1.3468	0.4989		
		0.7299	0.3419	0.307	0.5549	0.609	0.7086	0.6728	0.4731	0.4698	0.5258	0.6585	0.9318		
		
15:00	37.00	0.1354	0.1378	1.5368	1.2936	0.9731	0.8974	1.4417	1.4415	0.2682	0.2593	0.2689	0.3512		
		0.3753	0.5783	0.9477	1.7052	1.3532	0.2711	0.4959	0.3509	0.478	0.442	0.6768	0.6032		
		0.774	0.4256	0.4704	0.582	0.9645	0.7263	0.8858	0.6792	1.0019	0.8877	1.2074	0.3871		
		0.4153	0.4597	0.5781	1.3706	1.644	0.6068	0.6633	0.5447	0.8185	1.4811	1.7301	0.7648		
		0.7874	0.7184	0.6743	1.3628	1.2383	1.3687	1.0601	0.465	0.6303	0.4242	0.4482	0.7081		
		0.6494	1.6378	1.8804	1.3907	1.4565	0.6556	0.9852	1.903	2.4746	1.2271	1.2064	1.3167		
		1.6551	0.9016	1.0418	1.4509	1.4168	0.9822	1.0573	1.2333	2.2344	1.7799	2.1432	0.669		
		1.0401	0.3521	0.3347	0.7521	0.9558	1.1663	1.0892	0.5862	0.6255	0.7072	0.9615	0.3594		
		
20:00	37.00	0.1382	0.1414	1.5539	1.3112	0.9867	0.9123	1.4544	1.4571	0.2708	0.2623	0.2714	0.3785		
		0.4177	0.7767	1.4452	2.4167	1.1835	0.3307	0.4839	0.3846	0.5683	0.4852	0.6958	0.7664		
		1.012	0.5066	0.5829	0.7867	1.3671	1.0816	1.3513	0.8813	1.4621	1.2917	1.8862	0.4231		
		0.4454	0.5915	0.8167	1.7575	1.5641	0.7713	0.9222	0.7161	1.1446	2.1547	2.4302	1.0551		
		1.1646	0.9798	0.9718	2.01	1.102	1.5091	1.6177	0.5883	0.8553	0.4651	0.5119	0.9531		
		0.8774	2.3523	2.5698	2.0365	1.4036	0.9347	1.4529	2.4736	2.6865	1.6411	1.7643	1.8136		
		2.2438	1.3272	1.5967	1.9771	1.4136	1.4065	1.5342	1.8725	2.6279	2.3844	2.6361	0.8713		
		1.4707	0.3608	0.3682	1.0134	1.3799	1.6278	1.696	0.7379	0.8458	0.9387	1.4046	0.3393		
		
~End
