##BLOCKS= 1          
Plate:	Plate#1	1.3	PlateFormat	Endpoint	Absorbance	Raw	FALSE	1						1	412	1	12	96	1	8	None	
	Temperature(¡C)	1	2	3	4	5	6	7	8	9	10	11	12		
	24.80	0.0787	0.3639	0.724	0.9721	1.3353	1.7747	0.3463	1.4241	0.0518	0.0602	0.1332	0.0513		
		0.4068	0.1673	1.3856	0.5247	0.5907	0.4568	0.2064	0.2055	0.2522	0.6882	0.3405	0.3105		
		0.2881	0.3316	1.2168	1.2958	0.5154	1.4017	0.5008	0.5509	1.2966	1.1019	0.7678	1.1508		
		0.2007	0.8638	1.2295	1.1748	0.8064	1.1898	0.4619	0.2051	1.0486	1.1771	1.4007	1.0299		
		1.2774	1.19	0.5756	1.0996	1.0581	0.7308	1.1974	1.0872	0.3931	1.2169	0.7858	1.5571		
		0.9259	0.9301	1.2793	0.8485	1.3986	1.305	0.0526	0.0534	0.0532	0.0531	0.0516	0.051		
		0.0502	0.0513	0.052	0.0525	0.0528	0.0518	0.0648	0.0525	0.0527	0.0546	0.0515	0.0506		
		0.0493	0.0493	0.0499	0.0514	0.05	0.0505	0.0505	0.0506	0.0508	0.0504	0.0505	0.0505		
		
~End
