##BLOCKS= 1          
Plate:	Plate#1	1.3	PlateFormat	Endpoint	Absorbance	Raw	FALSE	1						1	412	1	12	96	1	8	None	
	Temperature(¡C)	1	2	3	4	5	6	7	8	9	10	11	12		
	24.80	0.1125	0.3187	0.5166	0.6739	1.0123	1.429	0.332	1.42	0.0554	0.0531	0.0525	0.0554		
		0.8597	0.7775	1.5966	0.9345	0.4736	0.4331	0.2535	0.2521	0.3514	0.3395	0.7484	0.6149		
		0.4499	0.382	0.9312	0.8822	0.6291	0.6437	0.4293	0.3968	0.4206	0.7228	0.7689	0.3736		
		0.3674	0.5768	0.6682	0.982	0.9372	0.7077	0.6902	0.6547	0.8135	0.622	0.6747	0.6268		
		0.4288	0.3667	0.4114	0.482	0.4525	0.3693	0.3368	0.3484	0.3426	0.3927	0.4512	0.5701		
		0.3388	0.5235	0.6417	0.6213	0.6189	0.3074	0.3716	0.3516	0.5743	0.3675	1.1971	0.4576		
		0.3373	0.5276	0.4202	0.6082	0.6545	0.5493	0.4121	1.0852	0.6147	0.22	0.0518	0.0512		
		0.05	0.0509	0.051	0.0513	0.0503	0.0504	0.0506	0.0508	0.0512	0.0586	0.0508	0.0505		
		
~End
