##BLOCKS= 1          
Plate:	Plate#1	1.3	PlateFormat	Endpoint	Absorbance	Raw	FALSE	1						1	412	1	12	96	1	8	None	
	Temperature(¡C)	1	2	3	4	5	6	7	8	9	10	11	12		
	24.80	0.0787	0.3578	0.6937	0.9536	1.2747	1.6623	0.3419	1.4027	0.0526	0.0576	0.1019	0.0511		
		0.2432	0.1845	1.5812	0.6191	0.6603	0.6065	0.2335	0.2315	0.36	0.3678	0.437	0.362		
		0.329	0.3734	1.1849	1.0168	0.5823	1.4103	0.5061	0.5305	1.4285	1.2306	0.7982	1.0573		
		0.2168	1.0017	1.4038	1.2718	0.8749	0.8879	0.4428	0.2219	0.8622	0.9506	1.3232	0.9805		
		0.9039	1.1532	0.626	1.1672	0.8196	0.5353	1.09	1.0964	0.3863	1.1965	0.7743	1.6504		
		0.9348	0.9533	1.5075	1.0384	1.4203	1.3183	0.0526	0.0533	0.0532	0.0531	0.0517	0.051		
		0.0502	0.0513	0.0519	0.0525	0.0528	0.0518	0.067	0.0525	0.0527	0.0546	0.0515	0.0506		
		0.0493	0.0493	0.0498	0.0514	0.0501	0.0505	0.0505	0.0507	0.0508	0.0504	0.0505	0.0505		
		
~End
