##BLOCKS= 1          
Plate:	Plate#1	1.3	PlateFormat	Endpoint	Absorbance	Raw	FALSE	1						1	412	1	12	96	1	8	None	
	Temperature(¡C)	1	2	3	4	5	6	7	8	9	10	11	12		
	24.80	0.1104	0.3189	0.5147	0.6876	1.0136	1.3827	0.3263	1.3776	0.0552	0.0535	0.0525	0.0551		
		0.9083	0.8214	1.6978	0.9871	0.5094	0.4666	0.2744	0.2748	0.3711	0.3598	0.7978	0.6749		
		0.4643	0.4078	1.0047	0.9522	0.6751	0.7186	0.4486	0.4148	0.4362	0.7613	0.8062	0.4113		
		0.3807	0.6243	0.7133	1.0146	0.9359	0.7507	0.7258	0.6973	0.8781	0.6585	0.7725	0.6805		
		0.4545	0.4066	0.4541	0.533	0.5246	0.3925	0.3509	0.3685	0.3647	0.4486	0.498	0.5548		
		0.3468	0.5211	0.6528	0.6335	0.5917	0.2993	0.4352	0.3674	0.5935	0.342	1.1017	0.4903		
		0.3919	0.6129	0.4978	0.6961	0.7304	0.6173	0.5381	1.1373	0.6816	0.258	0.0517	0.0512		
		0.05	0.0509	0.0508	0.0513	0.0503	0.0505	0.0506	0.0507	0.0511	0.0586	0.0508	0.0504		
		
~End
