##BLOCKS= 1          
Plate:	Plate#1	1.3	PlateFormat	Endpoint	Absorbance	Raw	FALSE	1						1	412	1	12	96	1	8	None	
	Temperature(¡C)	1	2	3	4	5	6	7	8	9	10	11	12		
	24.80	0.0787	0.3611	0.7087	0.9614	1.3036	1.7093	0.3437	1.4137	0.0531	0.0596	0.1164	0.0512		
		0.3948	0.1769	1.4982	0.589	0.6302	0.537	0.2205	0.2188	0.3017	0.4915	0.402	0.3326		
		0.3113	0.3553	1.1862	1.2036	0.5538	1.3957	0.246	0.5175	1.3981	1.1744	0.8577	1.1026		
		0.2108	0.9271	1.3296	1.206	0.8412	1.1323	0.656	0.2149	1.0472	1.064	1.3742	1.0028		
		1.24	1.1741	0.6101	1.1457	0.9584	0.615	1.1411	0.5862	0.3606	1.2318	0.7994	1.6161		
		0.8771	0.9514	1.4302	0.9515	1.4161	1.2372	0.0526	0.0533	0.0532	0.0531	0.0517	0.051		
		0.0502	0.0513	0.052	0.0525	0.0528	0.0518	0.0662	0.0525	0.0527	0.0546	0.0515	0.0506		
		0.0494	0.0493	0.0499	0.0514	0.0501	0.0505	0.0506	0.0507	0.0508	0.0504	0.0505	0.0505		
		
~End
