##BLOCKS= 1          
Plate:	Plate#1	1.3	PlateFormat	Endpoint	Absorbance	Raw	FALSE	1						1	412	1	12	96	1	8	None	
	Temperature(¡C)	1	2	3	4	5	6	7	8	9	10	11	12		
	24.80	0.0784	0.3655	0.7388	0.9744	1.3377	1.7487	0.348	1.4329	0.0497	0.0625	0.1415	0.0512		
		0.5333	0.1461	1.1215	0.4004	0.5135	0.3753	0.1867	0.1882	0.2061	0.8556	0.2744	0.2598		
		0.2546	0.2967	1.1108	1.3156	0.4606	1.321	0.385	0.5939	1.2555	0.8857	0.8431	0.947		
		0.1518	0.5706	1.1603	1.1078	0.8292	1.2009	0.3914	0.176	1.0474	1.0583	1.4615	1.0309		
		1.2853	1.1172	0.5109	1.0638	0.844	0.8352	1.2155	1.0718	0.9005	1.178	0.7996	1.4557		
		1.0035	0.9368	1.0035	0.7167	1.3364	1.2343	0.0525	0.0532	0.0532	0.053	0.0517	0.0509		
		0.0502	0.0513	0.0519	0.0526	0.0527	0.0517	0.0625	0.0525	0.0526	0.0546	0.0515	0.0506		
		0.0494	0.0493	0.0499	0.0514	0.0501	0.0505	0.0505	0.0506	0.0508	0.0504	0.0504	0.0505		
		
~End
