##BLOCKS= 1          
Plate:	Plate#1	1.3	PlateFormat	Endpoint	Absorbance	Raw	FALSE	1						1	412	1	12	96	1	8	None	
	Temperature(¡C)	1	2	3	4	5	6	7	8	9	10	11	12		
	24.80	0.1172	0.3242	0.5128	0.5757	0.9778	1.5263	0.3457	1.4903	0.0563	0.0528	0.0525	0.0552		
		0.7347	0.6862	1.472	0.8669	0.4259	0.3958	0.2198	0.2177	0.3041	0.3016	0.6768	0.5162		
		0.3833	0.3453	0.794	0.7708	0.5653	0.5566	0.375	0.3728	0.3899	0.6425	0.7137	0.3206		
		0.3276	0.5054	0.5903	0.929	0.8841	0.6299	0.5809	0.5648	0.6753	0.5311	0.5092	0.4586		
		0.4142	0.3277	0.2893	0.3771	0.3527	0.3343	0.2916	0.33	0.3267	0.3369	0.3711	0.4718		
		0.3524	0.4243	0.623	0.5831	0.8339	0.3646	0.3385	0.3036	0.53	0.3132	1.0298	0.406		
		0.2293	0.302	0.354	0.3909	0.3956	0.3841	0.1586	0.8777	0.4092	0.154	0.0518	0.0512		
		0.0501	0.051	0.0508	0.0513	0.0503	0.0505	0.0505	0.0507	0.0511	0.0582	0.0508	0.0506		
		
~End
