##BLOCKS= 1          
Plate:	Plate#1	1.3	PlateFormat	Endpoint	Absorbance	Raw	FALSE	1						1	412	1	12	96	1	8	None	
	Temperature(¡C)	1	2	3	4	5	6	7	8	9	10	11	12		
	24.80	0.1156	0.3156	0.5128	0.6408	1.0326	1.4507	0.3385	1.3283	0.0556	0.0529	0.0523	0.0553		
		0.8041	0.733	1.5058	0.8955	0.447	0.4101	0.2359	0.2342	0.3321	0.3235	0.7076	0.567		
		0.4322	0.3675	0.865	0.8242	0.5912	0.5898	0.4072	0.3837	0.4067	0.6811	0.7315	0.3568		
		0.3529	0.5369	0.616	0.9561	0.9319	0.6714	0.6464	0.6264	0.7423	0.5666	0.6309	0.5103		
		0.4244	0.3499	0.3304	0.4002	0.3847	0.3507	0.3185	0.3376	0.3314	0.3545	0.4148	0.5352		
		0.3436	0.4978	0.6283	0.6028	0.6248	0.3383	0.3584	0.3189	0.5499	0.3445	1.0965	0.4292		
		0.2873	0.4241	0.3871	0.5144	0.5159	0.4711	0.2032	1.0003	0.5209	0.1909	0.0517	0.0512		
		0.05	0.0508	0.0508	0.0512	0.0502	0.0504	0.0506	0.0507	0.0511	0.0583	0.0508	0.0504		
		
~End
