##BLOCKS= 1          
Plate:	Plate#1	1.3	PlateFormat	Endpoint	Absorbance	Raw	FALSE	1						1	412	1	12	96	1	8	None	
	Temperature(¡C)	1	2	3	4	5	6	7	8	9	10	11	12		
	24.80	0.1098	0.3149	0.5069	0.6872	0.9654	1.2409	0.3232	1.2538	0.0543	0.0538	0.0538	0.0546		
		0.9986	0.9193	1.826	1.066	0.57	0.5221	0.2952	0.3008	0.3688	0.3755	0.9234	0.8034		
		0.4899	0.442	1.1017	1.065	0.737	0.7614	0.4805	0.4339	0.4451	0.872	0.9116	0.3803		
		0.3916	0.7194	0.8183	1.0656	0.9217	0.8274	0.8249	0.8396	0.972	0.7531	0.7514	0.7746		
		0.5474	0.5221	0.5111	0.6094	0.5366	0.4279	0.3762	0.3962	0.3798	0.5025	0.5286	0.646		
		0.3679	0.5547	0.7281	0.675	0.6034	0.3359	0.4057	0.3636	0.546	0.3233	1.2754	0.5624		
		0.4244	0.6752	0.5434	0.7721	0.7727	0.7312	0.5214	1.1939	0.7856	0.3286	0.0518	0.0512		
		0.0501	0.0508	0.0508	0.0513	0.0502	0.0504	0.0506	0.0507	0.0512	0.0588	0.0508	0.0504		
		
~End
