##BLOCKS= 1          
Plate:	Plate#1	1.3	PlateFormat	Endpoint	Absorbance	Raw	FALSE	1						1	412	1	12	96	1	8	None	
	Temperature(¡C)	1	2	3	4	5	6	7	8	9	10	11	12		
	24.80	0.1094	0.3192	0.5127	0.6994	1.0173	1.3355	0.3272	1.3354	0.0548	0.0534	0.0525	0.0551		
		0.9532	0.8565	1.7607	1.0362	0.5326	0.4885	0.2823	0.2867	0.3744	0.3744	0.8467	0.7268		
		0.4713	0.425	1.0477	1.0005	0.7027	0.7437	0.4654	0.4245	0.4431	0.8096	0.85	0.4042		
		0.3902	0.668	0.759	1.039	0.928	0.7815	0.7621	0.7416	0.9233	0.6976	0.7571	0.7032		
		0.5057	0.4583	0.4779	0.5553	0.5145	0.4056	0.354	0.3817	0.3757	0.4904	0.5129	0.5696		
		0.3562	0.5458	0.6904	0.6449	0.5959	0.32	0.4481	0.3761	0.551	0.3207	1.1295	0.5177		
		0.4068	0.6207	0.5267	0.7334	0.7594	0.6495	0.5059	1.1801	0.7209	0.2873	0.0518	0.0512		
		0.0501	0.0509	0.0509	0.0513	0.0504	0.0505	0.0507	0.0509	0.0513	0.0588	0.0509	0.0505		
		
~End
