##BLOCKS= 1          
Plate:	Plate#1	1.3	PlateFormat	Endpoint	Absorbance	Raw	FALSE	1						1	412	1	12	96	1	8	None	
	Temperature(¡C)	1	2	3	4	5	6	7	8	9	10	11	12		
	24.80	0.1089	0.3185	0.5112	0.7017	0.9989	1.2973	0.329	1.2995	0.0544	0.0535	0.0524	0.0548		
		0.98	0.8905	1.7824	1.0669	0.5505	0.5047	0.2864	0.2933	0.3729	0.3803	0.8846	0.7677		
		0.4766	0.4338	1.0742	1.0369	0.7201	0.7402	0.4677	0.43	0.447	0.8467	0.8834	0.3992		
		0.3884	0.6991	0.7905	1.0566	0.9283	0.8048	0.7929	0.7916	0.9626	0.7276	0.7448	0.7428		
		0.5391	0.4874	0.4885	0.5973	0.5596	0.4193	0.3627	0.3893	0.3805	0.5015	0.5293	0.6113		
		0.3648	0.5522	0.6887	0.6628	0.5988	0.3402	0.4225	0.367	0.5437	0.3185	1.2001	0.5507		
		0.4065	0.657	0.5602	0.7494	0.7706	0.69	0.5046	1.1869	0.7563	0.3072	0.0517	0.0513		
		0.05	0.051	0.0508	0.0513	0.0503	0.0505	0.0506	0.0507	0.0512	0.0587	0.0508	0.0504		
		
~End
