##BLOCKS= 1          
Plate:	Plate#1	1.3	PlateFormat	Endpoint	Absorbance	Raw	FALSE	1						1	562	1	12	96	1	8	None	
	Temperature(¡C)	1	2	3	4	5	6	7	8	9	10	11	12		
	23.70	2.2035	2.1452	1.7263	1.6745	1.2799	1.2322	1.0188	0.9937	0.7479	0.7275	0.4427	0.4545		
		0.3016	0.2792	0.137	0.146	0.1157	0.1067	0.6603	0.6854	1.462	1.4179	0.8043	0.811		
		1.0322	1.0699	1.2613	1.2354	0.976	0.9463	0.6451	0.6389	0.4827	0.4733	3.0444	2.9751		
		0.8256	0.7524	1.486	1.3897	1.4693	1.4645	1.5091	1.3926	2.2541	2.2742	0.8725	0.8708		
		1.848	1.7674	1.3266	1.3048	1.6194	1.5296	1.1219	1.0973	2.2549	1.9654	2.4115	2.364		
		1.3862	1.1885	0.9454	0.9582	0.8568	0.849	4	4	1.9663	1.9254	1.4906	1.4965		
		1.7625	1.6949	0.5103	0.4662	1.4476	1.3806	1.8719	2.2374	2.0764	1.6813	2.0836	1.8063		
		1.7104	0.595	0.6015	0.5463	0.5298	2.2883	2.3533	1.8826	1.978	0.8611	0.8213	0.0457		
		
~End
