##BLOCKS= 1          
Plate:	Plate#1	1.3	PlateFormat	Endpoint	Absorbance	Raw	FALSE	1						1	562	1	12	96	1	8	None	
	Temperature(¡C)	1	2	3	4	5	6	7	8	9	10	11	12		
	23.70	2.2287	2.3392	1.8267	1.7823	1.3206	1.3389	1.0618	1.0827	0.7707	0.803	0.4848	0.4873		
		0.3212	0.3095	0.1635	0.1631	0.127	0.1173	1.6849	1.7174	0.9012	0.9018	1.6315	1.6158		
		0.9974	0.9813	0.8073	0.7653	1.1728	1.0861	0.988	0.9328	0.6732	0.6885	0.4182	0.4201		
		1.0601	1.006	1.3026	1.3074	0.3653	0.3658	1.0542	1.0536	1.3489	1.3205	1.9664	1.997		
		1.2924	1.2113	1.7867	1.7522	1.0098	0.931	0.6464	0.6618	0.7341	0.7163	0.6698	0.4624		
		1.3374	1.2833	1.2214	1.2582	2.0144	1.98	2.0826	2.0567	1.2564	1.275	0.9865	0.9775		
		2.178	2.1315	0.7877	0.7973	1.6042	1.5714	2.4778	2.4012	0.0467	0.0464	0.0497	0.0463		
		0.0464	0.0463	0.0462	0.0466	0.0468	0.0463	0.0468	0.0465	0.0464	0.0458	0.046	0.0469		
		
~End
